PADDLE 100 550
BALL 202.423 193.317 200 -200
SCORE 50
BLOCKS_COUNT 43
0 60 3
66.8333 60 3
133.667 60 3
200.5 60 3
267.333 60 3
334.167 60 3
401 60 3
467.833 60 3
534.667 60 3
601.5 60 3
668.333 60 3
735.167 60 3
0 82 2
66.8333 82 2
133.667 82 2
200.5 82 2
267.333 82 2
334.167 82 2
401 82 2
467.833 82 2
534.667 82 2
601.5 82 2
668.333 82 2
735.167 82 2
0 104 1
66.8333 104 1
133.667 104 1
200.5 104 1
267.333 104 1
334.167 104 1
401 104 1
601.5 104 1
668.333 104 1
735.167 104 1
0 126 1
66.8333 126 1
133.667 126 1
200.5 126 1
267.333 126 1
334.167 126 1
401 126 1
668.333 126 1
735.167 126 1
